0.5 0.1 55 2864 20000
0.5 0.2 103 4764 20000
0.5 0.3 143 6768 20000
0.5 0.4 157 8770 20000
0.5 0.5 185 10422 20000
0.5 0.6 253 12654 20000
0.5 0.7 241 14422 20000
0.5 0.8 237 16406 20000
0.5 0.9 161 17980 20000
0.55 0.1 110 2716 20000
0.55 0.2 188 4610 20000
0.55 0.3 276 6626 20000
0.55 0.4 298 8616 20000
0.55 0.5 377 10558 20000
0.55 0.6 475 12704 20000
0.55 0.7 487 14556 20000
0.55 0.8 362 15878 20000
0.55 0.9 219 17568 20000
0.6 0.1 185 2742 20000
0.6 0.2 288 4656 20000
0.6 0.3 398 6596 20000
0.6 0.4 480 8560 20000
0.6 0.5 613 10472 20000
0.6 0.6 702 12364 20000
0.6 0.7 635 14146 20000
0.6 0.8 585 15746 20000
0.6 0.9 316 16956 20000
0.65 0.1 250 2730 20000
0.65 0.2 398 4562 20000
0.65 0.3 528 6616 20000
0.65 0.4 747 8708 20000
0.65 0.5 780 10226 20000
0.65 0.6 960 12184 20000
0.65 0.7 847 13608 20000
0.65 0.8 733 15090 20000
0.65 0.9 402 16138 20000
0.7 0.1 304 2624 20000
0.7 0.2 530 4664 20000
0.7 0.3 737 6406 20000
0.7 0.4 937 8650 20000
0.7 0.5 1044 10260 20000
0.7 0.6 1133 11932 20000
0.7 0.7 1027 13290 20000
0.7 0.8 814 14316 20000
0.7 0.9 496 15176 20000
0.75 0.1 404 2644 20000
0.75 0.2 669 4596 20000
0.75 0.3 905 6428 20000
0.75 0.4 1144 8278 20000
0.75 0.5 1239 10064 20000
0.75 0.6 1291 11496 20000
0.75 0.7 1176 12702 20000
0.75 0.8 959 13498 20000
0.75 0.9 550 14244 20000
0.8 0.1 462 2512 20000
0.8 0.2 762 4524 20000
0.8 0.3 1086 6344 20000
0.8 0.4 1380 8364 20000
0.8 0.5 1539 9998 20000
0.8 0.6 1497 11104 20000
0.8 0.7 1357 12134 20000
0.8 0.8 1021 12928 20000
0.8 0.9 556 13196 20000
0.85 0.1 535 2520 20000
0.85 0.2 871 4446 20000
0.85 0.3 1256 6376 20000
0.85 0.4 1476 8088 20000
0.85 0.5 1566 9348 20000
0.85 0.6 1591 10610 20000
0.85 0.7 1382 11500 20000
0.85 0.8 1041 11938 20000
0.85 0.9 597 12264 20000
0.9 0.1 575 2506 20000
0.9 0.2 1002 4352 20000
0.9 0.3 1389 6358 20000
0.9 0.4 1622 7846 20000
0.9 0.5 1764 9074 20000
0.9 0.6 1744 10158 20000
0.9 0.7 1487 10734 20000
0.9 0.8 1113 11158 20000
0.9 0.9 577 11226 20000